              precision    recall  f1-score   support

           0       0.51      0.68      0.58       186
           1       0.64      0.64      0.64       190
           2       0.36      0.45      0.40       243
           3       0.38      0.35      0.36       207
           4       0.48      0.48      0.48       202
           5       0.37      0.31      0.33       180
           6       0.57      0.63      0.60       183
           7       0.71      0.46      0.56       220
           8       0.59      0.60      0.59       194
           9       0.64      0.58      0.61       195

    accuracy                           0.51      2000
   macro avg       0.53      0.52      0.52      2000
weighted avg       0.52      0.51      0.51      2000
